var cattellInfo ={
   "description" : "Description\nRindskopf and Rose (1988) use this data set to demonstrate confirmatory second order factor models.  It is a nice example data set to explore hierarchical structure and alternative factor solutions. It contains measures of fluid and crystallized intelligence.",
   "title" : "12 cognitive variables from Cattell (1963)",
   "usage" : "data(\"cattell\")",
   "reference" : "Cattell (1963) reported on 8 cognitive variables from Thurstone and four from the Institute for Personality Assessment Test (IPAT).  Rindskopf and Rose (1988) use this data set as an example of second order factor analysis. It is thus a nice set for examining alternative solutions such as bifactor rotation, omega hierarchical, as well as esem and interbattery factor analysis.",
   "parameters" : {
      "Verbal" : "A verbal ability test from Thurstone",
      "Reason1" : "A reasoning test from Thurstone",
      "IPATCLAS" : "A \"culture fair\" classification test from the IPAT",
      "Number2" : "A Numerical ability test from Thurstone",
      "Space2" : "A Spatial ability test from Thurstone",
      "IPATTop" : "A \"culture fair\" topology test from the IPAT",
      "IPATMatr" : "A \"culture fair\" matrix reasoning  test from the IPAT",
      "IPATSer" : "A \"culture fair\"  series from the IPAT",
      "Number1" : "A Numerical ability test from Thurstone",
      "Verbal2" : "A verbal ability test from Thurstone",
      "Reason2" : "A reasoning  test from Thurstone",
      "Space1" : "A Spatial ability test from Thurstone"
   },
   "format" : "A correlation matrix of the following 12 variables from 277 7th and 8th graders"
}

var cattell = [
   [
      "Verbal",
      "Verbal2",
      "Space1",
      "Space2",
      "Reason1",
      "Reason2",
      "Number1",
      "Number2",
      "IPATSer",
      "IPATCLAS",
      "IPATMatr",
      "IPATTOP"
   ],
   [
      "1",
      "0.86",
      "0.3",
      "0.32",
      "0.41",
      "0.42",
      "0.34",
      "0.32",
      "0.29",
      "0.21",
      "0.33",
      "0.25"
   ],
   [
      "0.86",
      "1",
      "0.3",
      "0.27",
      "0.42",
      "0.41",
      "0.37",
      "0.33",
      "0.3",
      "0.23",
      "0.33",
      "0.24"
   ],
   [
      "0.3",
      "0.3",
      "1",
      "0.79",
      "0.21",
      "0.25",
      "0.23",
      "0.19",
      "0.27",
      "0.29",
      "0.28",
      "0.29"
   ],
   [
      "0.32",
      "0.27",
      "0.79",
      "1",
      "0.23",
      "0.25",
      "0.16",
      "0.14",
      "0.27",
      "0.31",
      "0.24",
      "0.25"
   ],
   [
      "0.41",
      "0.42",
      "0.21",
      "0.23",
      "1",
      "0.77",
      "0.4",
      "0.43",
      "0.28",
      "0.26",
      "0.35",
      "0.23"
   ],
   [
      "0.42",
      "0.41",
      "0.25",
      "0.25",
      "0.77",
      "1",
      "0.37",
      "0.39",
      "0.24",
      "0.24",
      "0.37",
      "0.22"
   ],
   [
      "0.34",
      "0.37",
      "0.23",
      "0.16",
      "0.4",
      "0.37",
      "1",
      "0.78",
      "0.23",
      "0.18",
      "0.32",
      "0.17"
   ],
   [
      "0.32",
      "0.33",
      "0.19",
      "0.14",
      "0.43",
      "0.39",
      "0.78",
      "1",
      "0.14",
      "0.14",
      "0.2",
      "0.15"
   ],
   [
      "0.29",
      "0.3",
      "0.27",
      "0.27",
      "0.28",
      "0.24",
      "0.23",
      "0.14",
      "1",
      "0.33",
      "0.45",
      "0.29"
   ],
   [
      "0.21",
      "0.23",
      "0.29",
      "0.31",
      "0.26",
      "0.24",
      "0.18",
      "0.14",
      "0.33",
      "1",
      "0.44",
      "0.28"
   ],
   [
      "0.33",
      "0.33",
      "0.28",
      "0.24",
      "0.35",
      "0.37",
      "0.32",
      "0.2",
      "0.45",
      "0.44",
      "1",
      "0.33"
   ],
   [
      "0.25",
      "0.24",
      "0.29",
      "0.25",
      "0.23",
      "0.22",
      "0.17",
      "0.15",
      "0.29",
      "0.28",
      "0.33",
      "1"
   ]
]
