var GorsuchInfo ={
   "usage" : "data(Gorsuch)",
   "format" : "Gorsuc (1997) suggested an alternative model for factor extension.  His method is appropriate for the case of repeated variables.  This is handled in link{fa.extension} with correct=FALSE",
   "title" : "Example data set from Gorsuch (1997) for an example factor extension.",
   "description" : "Description\nGorsuch (1997) suggests an alternative to the classic Dwyer (1937) factor extension technique.  This data set is taken from that article.  Useful for comparing link{fa.extension} with and without the correct=TRUE option."
}

var Gorsuch = [
   [
      "info",
      "verbal",
      "analogies",
      "ego",
      "guilt",
      "tension",
      "info2",
      "tension2",
      "v123",
      "v564"
   ],
   [
      "1",
      "0.67",
      "0.43",
      "0.11",
      "-0.07",
      "-0.17",
      "1",
      "-0.17",
      "0.84",
      "-0.15"
   ],
   [
      "0.67",
      "1",
      "0.49",
      "0.12",
      "-0.05",
      "-0.14",
      "0.67",
      "-0.14",
      "0.87",
      "-0.13"
   ],
   [
      "0.43",
      "0.49",
      "1",
      "0.03",
      "-0.14",
      "-0.1",
      "0.43",
      "-0.1",
      "0.77",
      "-0.12"
   ],
   [
      "0.11",
      "0.12",
      "0.03",
      "1",
      "-0.41",
      "-0.48",
      "0.11",
      "-0.48",
      "0.1",
      "-0.8"
   ],
   [
      "-0.07",
      "-0.05",
      "-0.14",
      "-0.41",
      "1",
      "0.4",
      "-0.07",
      "0.4",
      "-0.1",
      "0.77"
   ],
   [
      "-0.17",
      "-0.14",
      "-0.1",
      "-0.48",
      "0.4",
      "1",
      "-0.17",
      "1",
      "-0.16",
      "0.8"
   ],
   [
      "1",
      "0.67",
      "0.43",
      "0.11",
      "-0.07",
      "-0.17",
      "1",
      "-0.17",
      "0.84",
      "-0.15"
   ],
   [
      "-0.17",
      "-0.14",
      "-0.1",
      "-0.48",
      "0.4",
      "1",
      "-0.17",
      "1",
      "-0.17",
      "0.8"
   ],
   [
      "0.84",
      "0.87",
      "0.77",
      "0.1",
      "-0.1",
      "-0.16",
      "0.84",
      "-0.17",
      "1",
      "-0.16"
   ],
   [
      "-0.15",
      "-0.13",
      "-0.12",
      "-0.8",
      "0.77",
      "0.8",
      "-0.15",
      "0.8",
      "-0.16",
      "1"
   ]
]
