var WestInfo ={
   "reference" : "John Schmid Jr. and John. M. Leiman (1957), The development of hierarchical factor solutions.Psychometrika, 22, 83-90.",
   "format" : "Two artificial correlation matrices from Schmid and Leiman (1957). One real and one artificial covariance matrices from Chen et al. (2006).",
   "title" : "12 variables created by Schmid and Leiman to show the Schmid-Leiman Transformation",
   "parameters" : {
      "schmid.leiman" : " A 12 x 12 matrix with communalities on the diagonal.  Treating this as a covariance matrix shows the 6 x 6 factor solution",
      "Chen" : " An 18 x 18 covariance matrix of health related quality of life items from Chen et al. (2006). Number of observations = 403.  The first item is a measure of the quality of life.  The remaining 17 items form four subfactors",
      "Schmid" : " a 12 x 12 artificial correlation matrix created to show the Schmid-Leiman transformation.",
      "West" : " A 16 x 16 artificial covariance matrix from Chen et al. (2006)."
   },
   "usage" : "data(Schmid)",
   "description" : "Description\nJohn Schmid and John M. Leiman (1957) discuss how to transform a hierarchical factor structure to a bifactor structure. Schmid contains the example 12 x 12 correlation matrix. schmid.leiman is a 12 x 12 correlation matrix with communalities on the diagonal. This can be used to show the effect of correcting for attenuation. Two additional data sets are taken from Chen et al. (2006)."
}

var West = [
   [
      "V1",
      "V2",
      "V3",
      "V4",
      "V5",
      "V6",
      "V7",
      "V8",
      "V9",
      "V10",
      "V11",
      "V12",
      "V13",
      "V14",
      "V15",
      "V16"
   ],
   [
      "0.894",
      "0.586",
      "0.813",
      "0.686",
      "0.524",
      "0.475",
      "0.493",
      "0.475",
      "0.447",
      "0.701",
      "0.574",
      "0.57",
      "0.701",
      "0.642",
      "0.565",
      "0.52"
   ],
   [
      "0.586",
      "0.798",
      "0.67",
      "0.559",
      "0.451",
      "0.408",
      "0.424",
      "0.408",
      "0.385",
      "0.603",
      "0.494",
      "0.49",
      "0.603",
      "0.552",
      "0.486",
      "0.447"
   ],
   [
      "0.813",
      "0.67",
      "1.292",
      "0.775",
      "0.629",
      "0.57",
      "0.591",
      "0.57",
      "0.537",
      "0.841",
      "0.689",
      "0.683",
      "0.841",
      "0.77",
      "0.678",
      "0.624"
   ],
   [
      "0.686",
      "0.559",
      "0.775",
      "0.912",
      "0.472",
      "0.427",
      "0.443",
      "0.427",
      "0.403",
      "0.631",
      "0.517",
      "0.513",
      "0.631",
      "0.578",
      "0.508",
      "0.468"
   ],
   [
      "0.524",
      "0.451",
      "0.629",
      "0.472",
      "3.076",
      "2.834",
      "2.24",
      "2.812",
      "0.519",
      "0.813",
      "0.666",
      "0.661",
      "0.813",
      "0.745",
      "0.655",
      "0.603"
   ],
   [
      "0.475",
      "0.408",
      "0.57",
      "0.427",
      "2.834",
      "3.094",
      "2.253",
      "2.851",
      "0.47",
      "0.736",
      "0.603",
      "0.598",
      "0.736",
      "0.674",
      "0.593",
      "0.546"
   ],
   [
      "0.493",
      "0.424",
      "0.591",
      "0.443",
      "2.24",
      "2.253",
      "2.157",
      "2.236",
      "0.488",
      "0.764",
      "0.626",
      "0.621",
      "0.764",
      "0.7",
      "0.616",
      "0.567"
   ],
   [
      "0.475",
      "0.408",
      "0.57",
      "0.427",
      "2.812",
      "2.851",
      "2.236",
      "3.126",
      "0.47",
      "0.736",
      "0.603",
      "0.598",
      "0.736",
      "0.674",
      "0.593",
      "0.546"
   ],
   [
      "0.447",
      "0.385",
      "0.537",
      "0.403",
      "0.519",
      "0.47",
      "0.488",
      "0.47",
      "1.147",
      "0.899",
      "0.743",
      "0.841",
      "0.694",
      "0.635",
      "0.559",
      "0.515"
   ],
   [
      "0.701",
      "0.603",
      "0.841",
      "0.631",
      "0.813",
      "0.736",
      "0.764",
      "0.736",
      "0.899",
      "1.41",
      "1.03",
      "1.105",
      "1.086",
      "0.995",
      "0.876",
      "0.806"
   ],
   [
      "0.574",
      "0.494",
      "0.689",
      "0.517",
      "0.666",
      "0.603",
      "0.626",
      "0.603",
      "0.743",
      "1.03",
      "1.087",
      "0.912",
      "0.89",
      "0.815",
      "0.718",
      "0.66"
   ],
   [
      "0.57",
      "0.49",
      "0.683",
      "0.513",
      "0.661",
      "0.598",
      "0.621",
      "0.598",
      "0.841",
      "1.105",
      "0.912",
      "1.469",
      "0.883",
      "0.809",
      "0.712",
      "0.655"
   ],
   [
      "0.701",
      "0.603",
      "0.841",
      "0.631",
      "0.813",
      "0.736",
      "0.764",
      "0.736",
      "0.694",
      "1.086",
      "0.89",
      "0.883",
      "1.737",
      "1.243",
      "1.084",
      "1.109"
   ],
   [
      "0.642",
      "0.552",
      "0.77",
      "0.578",
      "0.745",
      "0.674",
      "0.7",
      "0.674",
      "0.635",
      "0.995",
      "0.815",
      "0.809",
      "1.243",
      "1.447",
      "0.961",
      "0.969"
   ],
   [
      "0.565",
      "0.486",
      "0.678",
      "0.508",
      "0.655",
      "0.593",
      "0.616",
      "0.593",
      "0.559",
      "0.876",
      "0.718",
      "0.712",
      "1.084",
      "0.961",
      "1.301",
      "0.844"
   ],
   [
      "0.52",
      "0.447",
      "0.624",
      "0.468",
      "0.603",
      "0.546",
      "0.567",
      "0.546",
      "0.515",
      "0.806",
      "0.66",
      "0.655",
      "1.109",
      "0.969",
      "0.844",
      "1.177"
   ]
]
