{
   "config" : {
      "title" : "12 variables created by Schmid and Leiman to show the Schmid-Leiman Transformation",
      "subtitle" : "psych - Schmid",
      "smpOverlays" : [
         null
      ],
      "graphType" : "Heatmap"
   },
   "info" : "<meta name=\"viewport\" content=\"width=device-width, initial-scale=1.0, user-scalable=yes\" />\n<script type=\"text/javascript\">\nconst macros = { \"\\\\R\": \"\\\\textsf{R}\", \"\\\\code\": \"\\\\texttt\"};\nfunction processMathHTML() {\n    var l = document.getElementsByClassName('reqn');\n    for (let e of l) { katex.render(e.textContent, e, { throwOnError: false, macros }); }\n    return;\n}</script>\n<script defer src=\"https://cdn.jsdelivr.net/npm/katex@0.15.3/dist/katex.min.js\"\n    onload=\"processMathHTML();\"></script>\n<table style=\"width: 100%;\"><tr><td>Schmid</td><td style=\"text-align: right;\">R Documentation</td></tr></table>\n<h2>12 variables created by Schmid and Leiman to show the Schmid-Leiman Transformation</h2>\n<h3>Description</h3>\n<p>John Schmid and John M. Leiman (1957) discuss how to transform a hierarchical factor structure to a bifactor structure. Schmid contains the example 12 x 12 correlation matrix. schmid.leiman is a 12 x 12 correlation matrix with communalities on the diagonal. This can be used to show the effect of correcting for attenuation. Two additional data sets are taken from Chen et al. (2006).\n</p>\n<h3>Usage</h3>\n<pre><code class='language-R'>data(Schmid)</code></pre>\n<h3>Details</h3>\n<p> Two artificial correlation matrices from Schmid and Leiman (1957). One real and one artificial covariance matrices from Chen et al. (2006). \n</p>\n<ul>\n<li><p> Schmid: a 12 x 12 artificial correlation matrix created to show the Schmid-Leiman transformation. \n</p>\n</li>\n<li><p> schmid.leiman: A 12 x 12 matrix with communalities on the diagonal.  Treating this as a covariance matrix shows the 6 x 6 factor solution\n</p>\n</li>\n<li><p> Chen: An 18 x 18 covariance matrix of health related quality of life items from Chen et al. (2006). Number of observations = 403.  The first item is a measure of the quality of life.  The remaining 17 items form four subfactors: The items are (a) Cognition subscale: &ldquo;Have difficulty reasoning\nand solving problems?&quot;  &ldquo;React slowly to things that were said or done?&quot;; &ldquo;Become confused and start several actions at a time?&quot;  &ldquo;Forget where you\nput things or appointments?&quot;; &ldquo;Have difficulty concentrating?&quot;  (b) Vitality\nsubscale: &ldquo;Feel tired?&quot;  &ldquo;Have enough energy to do the things you want?&quot; (R) \n&ldquo;Feel worn out?&quot; ; &ldquo;Feel full of pep?&quot; (R). (c) Mental health subscale: &ldquo;Feel\ncalm and peaceful?&quot;(R)  &ldquo;Feel downhearted and blue?&quot;; &ldquo;Feel very\nhappy&quot;(R) ; &ldquo;Feel very nervous?&quot; ; &ldquo;Feel so down in the dumps nothing could\ncheer you up?  (d) Disease worry subscale: &ldquo;Were you afraid because of your health?&quot;; &ldquo;Were you frustrated about your health?&quot;; &ldquo;Was your health a worry in your life?&quot; .\n</p>\n</li>\n<li><p> West: A 16 x 16 artificial covariance matrix from Chen et al. (2006).\n</p>\n</li></ul>\n<h3>Source</h3>\n<p>John Schmid Jr. and John. M. Leiman (1957), The development of hierarchical factor solutions.Psychometrika, 22, 83-90.\n</p>\n<p>F.F. Chen, S.G. West, and K.H. Sousa.(2006) A comparison of bifactor and second-order models of quality of life. Multivariate Behavioral Research, 41(2):189-225, 2006.\n</p>\n<h3>References</h3>\n<p>Y.-F. Yung, D.Thissen, and L.D. McLeod. (1999) On the relationship between the higher-order factor model and the hierarchical factor model. Psychometrika, 64(2):113-128, 1999.\n</p>\n<h3>Examples</h3>\n<pre><code class='language-R'>data(Schmid)\ncor.plot(Schmid,TRUE)\nprint(fa(Schmid,6,rotate=\"oblimin\"),cut=0)  #shows an oblique solution\nround(cov2cor(schmid.leiman),2)\ncor.plot(cov2cor(West),TRUE)\n</code></pre>\n</main>\n</div>\n",
   "data" : {
      "y" : {
         "smps" : [
            "V1",
            "V2",
            "V3",
            "V4",
            "V5",
            "V6",
            "V7",
            "V8",
            "V9",
            "V10",
            "V11",
            "V12"
         ],
         "data" : [
            [
               1,
               0.72,
               0.3136,
               0.2688,
               0.0983,
               0.0491,
               0.129,
               0.0369,
               0.2903,
               0.1613,
               0.0645,
               0.0753
            ],
            [
               0.72,
               1,
               0.3528,
               0.3024,
               0.1106,
               0.0553,
               0.1452,
               0.0415,
               0.3266,
               0.1814,
               0.0726,
               0.0847
            ],
            [
               0.3136,
               0.3528,
               1,
               0.42,
               0.0753,
               0.0377,
               0.0988,
               0.0282,
               0.2222,
               0.1235,
               0.0494,
               0.0576
            ],
            [
               0.2688,
               0.3024,
               0.42,
               1,
               0.0645,
               0.0323,
               0.0847,
               0.0242,
               0.1905,
               0.1058,
               0.0424,
               0.0494
            ],
            [
               0.0983,
               0.1106,
               0.0753,
               0.0645,
               1,
               0.32,
               0.1344,
               0.0384,
               0.1089,
               0.0605,
               0.0242,
               0.0282
            ],
            [
               0.0491,
               0.0553,
               0.0377,
               0.0323,
               0.32,
               1,
               0.0672,
               0.0192,
               0.0544,
               0.0302,
               0.0121,
               0.0141
            ],
            [
               0.129,
               0.1452,
               0.0988,
               0.0847,
               0.1344,
               0.0672,
               1,
               0.14,
               0.1429,
               0.0794,
               0.0318,
               0.037
            ],
            [
               0.0369,
               0.0415,
               0.0282,
               0.0242,
               0.0384,
               0.0192,
               0.14,
               1,
               0.0408,
               0.0227,
               0.0091,
               0.0106
            ],
            [
               0.2903,
               0.3266,
               0.2222,
               0.1905,
               0.1089,
               0.0544,
               0.1429,
               0.0408,
               1,
               0.45,
               0.1458,
               0.1701
            ],
            [
               0.1613,
               0.1814,
               0.1235,
               0.1058,
               0.0605,
               0.0302,
               0.0794,
               0.0227,
               0.45,
               1,
               0.081,
               0.0945
            ],
            [
               0.0645,
               0.0726,
               0.0494,
               0.0424,
               0.0242,
               0.0121,
               0.0318,
               0.0091,
               0.1458,
               0.081,
               1,
               0.42
            ],
            [
               0.0753,
               0.0847,
               0.0576,
               0.0494,
               0.0282,
               0.0141,
               0.037,
               0.0106,
               0.1701,
               0.0945,
               0.42,
               1
            ]
         ],
         "vars" : [
            "V1",
            "V2",
            "V3",
            "V4",
            "V5",
            "V6",
            "V7",
            "V8",
            "V9",
            "V10",
            "V11",
            "V12"
         ]
      }
   }
}
